      0       0       0   1.0000e+00  -1.0000e+00  -1.0000e+00  -1.0000e+00
12000000 14000000 12000000 -1.7680e-313  2.3567e-314 -1.7679e-313  2.3568e-314
14000000 12000000 12000000 -9.8808e-320  9.8808e-320  9.8808e-320  2.9643e-319
345000000       1       1   1.0000e+00  -1.0000e+00  -1.0000e+00  -1.0000e+00
210000000       1       2   6.0000e+00   6.0000e+00  9.8808e-320  2.9643e-319
32000000       1       2  4.9407e-320  4.9407e-320  4.9407e-320  4.9407e-320
899000000       1       2   1.0000e+00   1.0000e+00   9.9994e-01   9.9994e-01
616000000       1       2   3.0000e+00   2.0000e+00   3.0000e+00  2.9643e-319
      0       2       3   1.0000e+00  -1.0000e+00  -1.0000e+00  -1.0000e+00
93000000       2       3   1.0000e+00   1.0000e+00   1.0000e+00   1.0000e+00
1

Loops: 1000000, Iterations: 1, Duration: 64 sec.
C Converted Double Precision Whetstones: 1562.5 MIPS
      0       0       0   1.0000e+00  -1.0000e+00  -1.0000e+00  -1.0000e+00
12000000 14000000 12000000 -1.7680e-313  2.3567e-314 -1.7679e-313  2.3568e-314
14000000 12000000 12000000 -9.8808e-320  9.8808e-320  9.8808e-320  2.9643e-319
345000000       1       1   1.0000e+00  -1.0000e+00  -1.0000e+00  -1.0000e+00
210000000       1       2   6.0000e+00   6.0000e+00  9.8808e-320  2.9643e-319
32000000       1       2  4.9407e-320  4.9407e-320  4.9407e-320  4.9407e-320
899000000       1       2   1.0000e+00   1.0000e+00   9.9994e-01   9.9994e-01
616000000       1       2   3.0000e+00   2.0000e+00   3.0000e+00  2.9643e-319
      0       2       3   1.0000e+00  -1.0000e+00  -1.0000e+00  -1.0000e+00
93000000       2       3   1.0000e+00   1.0000e+00   1.0000e+00   1.0000e+00
1

Loops: 1000000, Iterations: 1, Duration: 35 sec.
C Converted Double Precision Whetstones: 2857.1 MIPS
      0       0       0   1.0000e+00  -1.0000e+00  -1.0000e+00  -1.0000e+00
12000000 14000000 12000000 -1.7680e-313  2.3567e-314 -1.7679e-313  2.3568e-314
14000000 12000000 12000000 -9.8808e-320  9.8808e-320  9.8808e-320  2.9643e-319
345000000       1       1   1.0000e+00  -1.0000e+00  -1.0000e+00  -1.0000e+00
210000000       1       2   6.0000e+00   6.0000e+00  9.8808e-320  2.9643e-319
32000000       1       2  4.9407e-320  4.9407e-320  4.9407e-320  4.9407e-320
899000000       1       2   1.0000e+00   1.0000e+00   9.9994e-01   9.9994e-01
616000000       1       2   3.0000e+00   2.0000e+00   3.0000e+00  2.9643e-319
      0       2       3   1.0000e+00  -1.0000e+00  -1.0000e+00  -1.0000e+00
93000000       2       3   1.0000e+00   1.0000e+00   1.0000e+00   1.0000e+00
1

Loops: 1000000, Iterations: 1, Duration: 36 sec.
C Converted Double Precision Whetstones: 2777.8 MIPS
      0       0       0   1.0000e+00  -1.0000e+00  -1.0000e+00  -1.0000e+00
120000000 140000000 120000000   0.0000e+00 -4.9407e-320   0.0000e+00 -4.9407e-320
140000000 120000000 120000000   0.0000e+00 -4.9407e-320   0.0000e+00 -4.9407e-320
3450000000       1       1   1.0000e+00  -1.0000e+00  -1.0000e+00  -1.0000e+00
2100000000       1       2   6.0000e+00   6.0000e+00   0.0000e+00 -4.9407e-320
320000000       1       2  4.9407e-320  4.9407e-320  4.9407e-320  4.9407e-320
8990000000       1       2   1.0000e+00   1.0000e+00   9.9994e-01   9.9994e-01
6160000000       1       2   3.0000e+00   2.0000e+00   3.0000e+00 -4.9407e-320
      0       2       3   1.0000e+00  -1.0000e+00  -1.0000e+00  -1.0000e+00
930000000       2       3   1.0000e+00   1.0000e+00   1.0000e+00   1.0000e+00
1

Loops: 10000000, Iterations: 1, Duration: 618 sec.
C Converted Double Precision Whetstones: 1618.1 MIPS
      0       0       0   1.0000e+00  -1.0000e+00  -1.0000e+00  -1.0000e+00
120000000 140000000 120000000   0.0000e+00 -4.9407e-320   0.0000e+00 -4.9407e-320
140000000 120000000 120000000   0.0000e+00 -4.9407e-320   0.0000e+00 -4.9407e-320
3450000000       1       1   1.0000e+00  -1.0000e+00  -1.0000e+00  -1.0000e+00
2100000000       1       2   6.0000e+00   6.0000e+00   0.0000e+00 -4.9407e-320
320000000       1       2  4.9407e-320  4.9407e-320  4.9407e-320  4.9407e-320
8990000000       1       2   1.0000e+00   1.0000e+00   9.9994e-01   9.9994e-01
6160000000       1       2   3.0000e+00   2.0000e+00   3.0000e+00 -4.9407e-320
      0       2       3   1.0000e+00  -1.0000e+00  -1.0000e+00  -1.0000e+00
930000000       2       3   1.0000e+00   1.0000e+00   1.0000e+00   1.0000e+00
1

Loops: 10000000, Iterations: 1, Duration: 340 sec.
C Converted Double Precision Whetstones: 2941.2 MIPS
      0       0       0   1.0000e+00  -1.0000e+00  -1.0000e+00  -1.0000e+00
120000000 140000000 120000000   0.0000e+00 -4.9407e-320   0.0000e+00 -4.9407e-320
140000000 120000000 120000000   0.0000e+00 -4.9407e-320   0.0000e+00 -4.9407e-320
3450000000       1       1   1.0000e+00  -1.0000e+00  -1.0000e+00  -1.0000e+00
2100000000       1       2   6.0000e+00   6.0000e+00   0.0000e+00 -4.9407e-320
320000000       1       2  4.9407e-320  4.9407e-320  4.9407e-320  4.9407e-320
8990000000       1       2   1.0000e+00   1.0000e+00   9.9994e-01   9.9994e-01
6160000000       1       2   3.0000e+00   2.0000e+00   3.0000e+00 -4.9407e-320
      0       2       3   1.0000e+00  -1.0000e+00  -1.0000e+00  -1.0000e+00
930000000       2       3   1.0000e+00   1.0000e+00   1.0000e+00   1.0000e+00
1

Loops: 10000000, Iterations: 1, Duration: 339 sec.
C Converted Double Precision Whetstones: 2949.9 MIPS
